10 10
0 0 0 0 0 0 0 0 0 0
0 0 0 0 0 0 0 0 0 0
0 0 0 1 1 1 1 1 1 1
0 0 0 1 0 0 0 0 0 0
0 1 0 1 1 0 0 0 0 0
0 1 0 0 1 1 1 1 0 0
0 1 1 0 0 0 0 0 0 0
0 0 1 1 1 1 1 1 1 1
0 0 0 0 0 0 0 0 0 0
0 0 0 0 0 0 0 0 0 0
1
80 80 20 1 20


toto
toto
15 15 15 15 15 16 17 18 19 20  
14 14 14 14 15 16 17 18 19 20  
13 13 13 -2 -2 -2 -2 -2 -2 -2  
12 12 13 -2 23 22 21 21 21 21  
11 -2 13 -2 -2 22 21 20 20 20  
10 -2 14 14 -2 -2 -2 -2 19 20  
 9 -2 -2 15 15 16 17 18 19 20  
 9  8 -2 -2 -2 -2 -2 -2 -2 -2  
 9  8  7  6  5  4  3  2  1  0  
 9  8  7  6  5  4  3  2  1  1 